duality_gap: 2.144491067511081e-9
certified: true
top_eigenvalues: [14020.713173111897, 13780.323283716829, 13671.895896823098, 13235.172769808069, 13168.096941097494]
